  1.0000000e+000 -5.5017323e-001  9.3819836e-001
  1.0000000e+000 -9.0044727e-001  6.6435759e-001
  1.0000000e+000 -8.4184022e-001  6.6204039e-001
  1.0000000e+000  1.5707302e+000 -2.3971897e-001
  1.0000000e+000 -1.6511984e+000  4.2317755e-001
  1.0000000e+000  1.5213864e-001  1.2457167e+000
  1.0000000e+000 -6.0249346e-001  1.1068117e+000
  1.0000000e+000 -8.1467580e-001 -8.7261393e-001
  1.0000000e+000 -9.4654354e-001 -1.0133438e+000
  1.0000000e+000  7.2678556e-001  1.0991026e+000
  1.0000000e+000  1.1634781e+000  7.4324180e-002
  1.0000000e+000 -1.6642551e-001  1.5892767e+000
  1.0000000e+000 -1.6569469e+000 -1.2630384e-001
  1.0000000e+000  3.7348855e-002 -1.4407694e+000
  1.0000000e+000 -4.0557649e-001  9.3509769e-001
  1.0000000e+000 -1.0445686e+000  6.0465061e-001
  1.0000000e+000 -2.5623545e-003  1.6694539e+000
  1.0000000e+000 -9.5413918e-002 -1.6418229e+000
  1.0000000e+000 -8.8365562e-001  1.5057250e+000
  1.0000000e+000 -5.5458637e-001 -1.1315529e+000
  1.0000000e+000  5.0620908e-002  1.0461646e+000
  1.0000000e+000 -4.3493285e-001 -1.2422584e+000
  1.0000000e+000  1.4264561e-001  1.5468597e+000
  1.0000000e+000 -9.2924764e-001 -7.5922413e-001
  1.0000000e+000 -1.7818261e+000  4.0995866e-002
  1.0000000e+000 -3.6059962e-001  1.3141386e+000
  1.0000000e+000  5.9565230e-002  1.4746134e+000
  1.0000000e+000  1.0467011e+000  9.1769352e-001
  1.0000000e+000 -1.6691371e+000  4.5116113e-001
  1.0000000e+000  6.2891780e-001  1.5915528e+000
  1.0000000e+000  1.1706154e+000  3.8720649e-001
  1.0000000e+000  1.0416053e+000  8.8528860e-001
  1.0000000e+000  9.4958043e-001 -8.7611028e-001
  1.0000000e+000  1.0675262e+000 -1.0393444e-001
  1.0000000e+000  1.4073025e+000 -1.0345926e+000
  1.0000000e+000 -1.1752347e+000 -8.5669385e-001
  1.0000000e+000  1.3783989e+000 -1.1727541e+000
  1.0000000e+000  1.3305361e+000 -8.9998358e-001
  1.0000000e+000  8.5987719e-002 -1.0774384e+000
  1.0000000e+000 -1.5941359e-001 -1.6241988e+000
  1.0000000e+000 -1.7257304e+000 -2.9289834e-001
  1.0000000e+000 -3.9248883e-001 -1.3974482e+000
  1.0000000e+000 -3.8473301e-001  1.0563827e+000
  1.0000000e+000 -1.0062796e+000 -1.3762200e+000
  1.0000000e+000 -1.0522284e+000  1.4071381e+000
  1.0000000e+000 -8.9470513e-001 -1.2357491e+000
  1.0000000e+000  3.8983925e-001  1.2375845e+000
  1.0000000e+000 -8.8377026e-001 -5.7027801e-001
  1.0000000e+000 -1.3162262e+000  4.4915024e-001
  1.0000000e+000 -5.5182521e-001  1.2524580e+000
  1.0000000e+000 -4.6116345e-001 -9.8428422e-001
  1.0000000e+000  6.3656693e-001  1.0756737e+000
  1.0000000e+000 -4.0237350e-001 -1.3786849e+000
  1.0000000e+000  9.8789915e-001 -6.7844977e-001
  1.0000000e+000 -1.0452383e+000  1.4393956e-001
  1.0000000e+000  1.8000480e+000  7.2708609e-002
  1.0000000e+000 -8.0604024e-001  1.3551291e+000
  1.0000000e+000 -9.2338921e-001  1.2528192e+000
  1.0000000e+000 -6.2030949e-001 -8.0380632e-001
  1.0000000e+000  1.1157646e+000 -9.9180509e-001
  1.0000000e+000 -2.2002708e-001  1.3131042e+000
  1.0000000e+000 -6.7990154e-001 -1.5912359e+000
  1.0000000e+000 -1.3517976e+000 -3.4115495e-001
  1.0000000e+000  1.2554466e+000  3.4550392e-001
  1.0000000e+000 -5.4563809e-001  1.5209887e+000
  1.0000000e+000 -8.4634802e-001  1.6163022e+000
  1.0000000e+000  1.3600713e+000 -3.7147452e-001
  1.0000000e+000 -1.0596866e+000 -2.9938515e-001
  1.0000000e+000  8.5715182e-001  1.1367561e+000
  1.0000000e+000 -6.6525407e-001  9.3076440e-001
  1.0000000e+000 -6.2642791e-001  8.7241993e-001
  1.0000000e+000 -9.0447495e-001 -1.5003220e+000
  1.0000000e+000 -8.0430101e-001  9.2317198e-001
  1.0000000e+000  1.2335903e+000 -2.7085657e-002
  1.0000000e+000 -1.0084272e+000  1.0320759e+000
  1.0000000e+000 -6.8039818e-001  8.2253410e-001
  1.0000000e+000 -5.5534332e-001 -1.3666584e+000
  1.0000000e+000 -1.0064639e+000  8.6329159e-001
  1.0000000e+000  5.2745636e-001  1.1532923e+000
  1.0000000e+000  1.0751175e+000 -6.4293269e-001
  1.0000000e+000  8.5068224e-001 -9.8008319e-001
  1.0000000e+000  1.1745368e+000 -4.8354593e-001
  1.0000000e+000 -1.2940863e+000 -1.2389459e+000
  1.0000000e+000 -5.0951860e-002  1.0472127e+000
  1.0000000e+000  1.3527354e+000  1.8820520e-001
  1.0000000e+000 -7.6649295e-001  7.6541929e-001
  1.0000000e+000 -2.6229594e-001 -1.4991280e+000
  1.0000000e+000 -1.1074644e-001 -1.1144020e+000
  1.0000000e+000  4.9238927e-001  1.0745717e+000
  1.0000000e+000  1.4263233e+000  1.0173689e+000
  1.0000000e+000  8.4398039e-001  1.4907600e+000
  1.0000000e+000 -1.1391054e+000 -7.5970477e-002
  1.0000000e+000 -1.6033368e+000 -1.2336839e-001
  1.0000000e+000 -1.3662556e+000 -1.1312611e+000
  1.0000000e+000 -1.1169431e+000  5.2834567e-001
  1.0000000e+000  6.4314333e-001 -1.5045219e+000
  1.0000000e+000  1.5360144e+000 -2.7556957e-002
  1.0000000e+000 -1.7207986e+000  2.8808623e-001
  1.0000000e+000 -5.1616407e-001  1.6203840e+000
  1.0000000e+000  1.6463871e+000  3.3675647e-001
  1.0000000e+000 -6.4288924e-002 -1.3527036e+000
  1.0000000e+000  1.3321633e+000  2.9231911e-001
  1.0000000e+000  9.1248385e-001  1.4457830e+000
  1.0000000e+000  1.1977043e+000  1.2434140e-001
  1.0000000e+000 -4.8461011e-001  1.1765902e+000
  1.0000000e+000 -4.5652823e-001 -9.0640004e-001
  1.0000000e+000 -4.8694263e-001  1.2440680e+000
  1.0000000e+000 -8.0665930e-001 -9.0152724e-001
  1.0000000e+000  8.1614883e-002  1.8179563e+000
  1.0000000e+000 -1.7039291e+000  3.0855631e-001
  1.0000000e+000 -8.3212564e-001 -8.3052898e-001
  1.0000000e+000 -3.1701223e-001 -1.0616274e+000
  1.0000000e+000  1.4773915e+000 -9.1800463e-001
  1.0000000e+000 -9.7021741e-001  1.0469974e+000
  1.0000000e+000  9.7000433e-001  1.2073846e+000
  1.0000000e+000 -5.6488085e-001  1.3726723e+000
  1.0000000e+000  1.6740450e+000 -4.8025181e-001
  1.0000000e+000  1.6711356e+000 -3.2931343e-001
  1.0000000e+000  1.1383156e+000  4.0118877e-001
  1.0000000e+000  1.0365977e+000 -7.9089386e-001
  1.0000000e+000  1.9151484e-001  1.4103413e+000
  1.0000000e+000 -1.0055590e+000 -1.4191630e+000
  1.0000000e+000 -2.7167140e-001 -1.0053305e+000
  1.0000000e+000 -1.0530786e+000  6.8564907e-001
  1.0000000e+000  3.6503988e-001  1.3798918e+000
  1.0000000e+000  9.3719403e-001 -1.2343997e+000
  1.0000000e+000  3.7965954e-001 -1.5441940e+000
  1.0000000e+000  2.1799987e-001  1.5135163e+000
  1.0000000e+000 -1.9458889e-001  1.3912924e+000
  1.0000000e+000  9.7589307e-001 -5.9205965e-001
  1.0000000e+000  1.0415686e+000  4.0437912e-001
  1.0000000e+000  5.3515321e-001 -1.7037111e+000
  1.0000000e+000  5.6029623e-001 -9.4120506e-001
  1.0000000e+000 -9.7621695e-001  1.3942996e+000
  1.0000000e+000  8.9233137e-001  1.1389536e+000
  1.0000000e+000  1.2531328e+000  6.5847129e-001
  1.0000000e+000  4.4532984e-001 -1.3774957e+000
  1.0000000e+000  1.8194679e+000 -8.1941521e-002
  1.0000000e+000  1.6247235e-001  1.2650536e+000
  1.0000000e+000 -3.1239752e-001 -1.2270302e+000
  1.0000000e+000 -3.1658339e-001 -1.1654238e+000
  1.0000000e+000 -9.0759730e-001  1.5302654e+000
  1.0000000e+000  5.7013887e-001 -8.4987010e-001
  1.0000000e+000  1.5060527e+000  4.8253925e-002
  1.0000000e+000 -1.6721835e+000 -5.3285912e-001
  1.0000000e+000  1.5314765e+000  8.6840655e-001
  1.0000000e+000  3.8879674e-001  1.7319337e+000
  1.0000000e+000  1.0428521e+000 -6.7464813e-001
  1.0000000e+000  1.1916636e+000 -7.5438552e-001
  1.0000000e+000  1.3333128e+000  4.5639546e-001
  1.0000000e+000 -2.8742022e-001  1.2336016e+000
  1.0000000e+000 -1.0201276e+000  1.2193479e+000
  1.0000000e+000  1.0564573e+000 -9.5443901e-002
  1.0000000e+000  1.6779818e-001 -1.0111017e+000
  1.0000000e+000 -1.1109586e+000  7.1876053e-001
  1.0000000e+000 -8.4197130e-001  1.0115168e+000
  1.0000000e+000  7.5361983e-001  8.0435848e-001
  1.0000000e+000 -6.3925222e-001 -1.3182192e+000
  1.0000000e+000 -1.0445421e+000 -1.2085974e+000
  1.0000000e+000  9.2188061e-001 -9.6381540e-001
  1.0000000e+000  4.6595414e-002  1.8276358e+000
  1.0000000e+000 -5.3010631e-001  1.6346318e+000
  1.0000000e+000 -1.6080335e+000  1.6486406e-001
  1.0000000e+000  1.1484618e+000  3.6465670e-001
  1.0000000e+000  8.7788988e-001 -1.1385201e+000
  1.0000000e+000 -1.5130820e+000  5.1250440e-001
  1.0000000e+000  1.6536548e+000  3.0125571e-001
  1.0000000e+000  9.1493659e-001  7.9191435e-001
  1.0000000e+000  8.4917390e-001 -8.3232339e-001
  1.0000000e+000  1.2556905e+000 -5.2026346e-001
  1.0000000e+000  1.0811322e+000  1.0871827e+000
  1.0000000e+000 -1.5364296e+000 -7.9468616e-001
  1.0000000e+000 -2.8093868e-001  1.0875684e+000
  1.0000000e+000  1.5485335e+000  9.2871177e-001
  1.0000000e+000  1.2606563e+000 -2.6810634e-001
  1.0000000e+000 -3.5719292e-002 -1.5131956e+000
  1.0000000e+000  9.4372584e-001  1.0407885e+000
  1.0000000e+000 -3.1607908e-001  1.2715337e+000
  1.0000000e+000 -9.6838120e-001 -1.2118944e+000
  1.0000000e+000 -1.0243986e+000 -7.1625727e-001
  1.0000000e+000 -6.5470742e-001 -1.3189906e+000
  1.0000000e+000  6.1365669e-001 -1.4324461e+000
  1.0000000e+000  9.7130027e-001 -1.2389232e+000
  1.0000000e+000  6.1573749e-001  1.0035356e+000
  1.0000000e+000 -2.1967829e-001 -1.3634393e+000
  1.0000000e+000  2.0277574e-001 -1.4784843e+000
  1.0000000e+000  7.5714366e-001 -6.8490497e-001
  1.0000000e+000  7.8776508e-001 -7.8295124e-001
  1.0000000e+000  1.4013621e+000 -3.8795667e-001
  1.0000000e+000  1.9668988e-001  1.5383426e+000
  1.0000000e+000  4.8647259e-002 -1.8199680e+000
  1.0000000e+000  4.3618838e-001 -1.1398969e+000
  1.0000000e+000 -1.0229221e+000  3.5292888e-001
  1.0000000e+000 -1.4356774e+000 -9.2250956e-001
  1.0000000e+000 -9.7497656e-001  2.9338580e-001
  1.0000000e+000 -5.6416588e-001 -1.6737368e+000
  1.0000000e+000  9.6837310e-002 -1.4007071e+000
  1.0000000e+000  1.7075524e-001 -1.1668999e+000
  1.0000000e+000  1.1341756e+000  8.2694167e-001
  1.0000000e+000 -4.0860969e-001 -1.0029429e+000
  1.0000000e+000  1.5496794e-001 -1.0497733e+000
  1.0000000e+000 -1.0562335e+000 -6.6665324e-001
  1.0000000e+000 -1.1406039e+000  6.1432501e-001
  1.0000000e+000  1.0880188e+000 -1.2404887e-001
  1.0000000e+000 -1.1036349e-001 -1.4365189e+000
  1.0000000e+000  1.4192078e+000  1.7536838e-001
  1.0000000e+000 -2.4656266e-002  1.1050780e+000
  1.0000000e+000 -1.2267389e+000  1.1388833e+000
  1.0000000e+000 -1.3976818e+000 -7.3963968e-001
  1.0000000e+000  4.1112607e-002  1.1070972e+000
  1.0000000e+000  1.0016956e+000 -8.9609509e-001
  1.0000000e+000 -8.9023059e-001 -1.2962454e+000
  1.0000000e+000  4.9843621e-001 -1.3159326e+000
  1.0000000e+000 -9.3791358e-001  1.1990097e+000
  1.0000000e+000  5.2522349e-001  1.5728785e+000
  1.0000000e+000 -1.5558121e+000  8.7798346e-001
  1.0000000e+000 -7.3715555e-001 -1.4965315e+000
  1.0000000e+000  6.4081118e-001  9.0734002e-001
  1.0000000e+000 -1.0528895e+000 -1.3646417e+000
  1.0000000e+000 -1.4151021e+000 -2.2749625e-001
  1.0000000e+000 -3.4773496e-001 -1.0673051e+000
  1.0000000e+000  4.5429640e-001 -8.9591431e-001
  1.0000000e+000 -1.1273223e+000 -6.0924374e-001
  1.0000000e+000  1.4926833e-001  1.7664719e+000
  1.0000000e+000 -1.4203580e+000  7.0971043e-001
  1.0000000e+000  1.2334572e+000 -1.0004873e-001
  1.0000000e+000  6.8952827e-001  8.3942538e-001
  1.0000000e+000 -1.1838010e+000  4.8639724e-001
  1.0000000e+000 -3.4308448e-001 -1.4409189e+000
  1.0000000e+000  1.6174459e+000  2.8591812e-001
  1.0000000e+000 -1.1773238e-002 -1.4427485e+000
  1.0000000e+000 -1.3488184e+000  5.9652118e-001
  1.0000000e+000  4.1239873e-001 -9.1979739e-001
  1.0000000e+000  3.2618127e-001 -1.0666222e+000
  1.0000000e+000 -1.3664688e+000  3.8781748e-001
  1.0000000e+000 -1.4043331e+000  8.0327244e-001
  1.0000000e+000  8.9915386e-001 -4.5906985e-001
  1.0000000e+000 -1.6719477e+000 -5.2386099e-001
  1.0000000e+000  1.2586844e+000  8.2884738e-001
  1.0000000e+000 -2.0015163e-001 -1.4507627e+000
  1.0000000e+000 -9.8426254e-001  1.4850784e+000
  1.0000000e+000  6.3599982e-001 -1.2782286e+000
  1.0000000e+000 -1.3490977e+000  1.0014664e+000
  1.0000000e+000  1.2449670e+000 -9.0305873e-001
  1.0000000e+000 -1.4086708e+000  1.3999926e-001
  1.0000000e+000 -2.5324900e-001  1.6236563e+000
  1.0000000e+000 -8.1978207e-001 -1.3141157e+000
  1.0000000e+000 -9.8890731e-001 -9.1762950e-001
  1.0000000e+000 -6.7007614e-001 -1.0739129e+000
  1.0000000e+000 -8.5590401e-001 -1.5234229e+000
  1.0000000e+000  1.8233110e-001  1.1080937e+000
  1.0000000e+000  6.3190709e-001  1.3297122e+000
  1.0000000e+000 -8.6488209e-001 -1.0639921e+000
  1.0000000e+000  1.5823514e+000  1.1810359e-001
  1.0000000e+000  1.6145373e+000 -7.4999463e-001
  1.0000000e+000 -1.5926946e+000  8.1958635e-001
  1.0000000e+000  1.0269818e+000  6.5322601e-001
  1.0000000e+000  1.1163325e+000  4.8051647e-001
  1.0000000e+000  2.2212784e-001 -1.2526521e+000
  1.0000000e+000 -5.6875766e-001  1.3358297e+000
  1.0000000e+000 -1.2376072e+000 -3.1451025e-001
  1.0000000e+000 -4.6037975e-001  1.6674823e+000
  1.0000000e+000 -1.4763740e+000  1.8348944e-001
  1.0000000e+000 -1.2183975e+000  3.0475333e-001
  1.0000000e+000 -4.9176613e-001  1.1915490e+000
  1.0000000e+000 -2.7838632e-001 -1.2881262e+000
  1.0000000e+000 -1.1693665e+000 -1.3922418e+000
  1.0000000e+000  8.5679431e-002 -1.2808198e+000
  1.0000000e+000  1.1755223e+000 -1.0550432e+000
  1.0000000e+000  1.4758036e+000 -1.0332480e+000
  1.0000000e+000 -9.0244950e-001  8.4677020e-001
  1.0000000e+000  1.4097721e+000 -2.8053113e-001
  1.0000000e+000 -4.1774396e-001  1.1308013e+000
  1.0000000e+000  3.4562419e-001 -1.1811634e+000
  1.0000000e+000 -1.5132875e+000  6.0572649e-003
  1.0000000e+000 -1.4915685e+000 -1.6214658e-001
  1.0000000e+000  4.3423682e-001  1.0148556e+000
  1.0000000e+000  7.8683231e-001 -1.3606010e+000
  1.0000000e+000  1.4198201e+000  8.4427277e-002
  1.0000000e+000 -6.7470678e-001 -1.0969905e+000
  1.0000000e+000 -8.8048359e-001 -1.3738087e+000
  1.0000000e+000  3.7384524e-001 -1.0966071e+000
  1.0000000e+000 -1.6286107e+000  4.0329792e-001
  1.0000000e+000 -1.7926551e+000  9.1513339e-002
  1.0000000e+000 -9.7423143e-001  6.0090800e-001
  1.0000000e+000  2.2660359e-001  1.0978192e+000
  1.0000000e+000  7.7472203e-001 -1.0390676e+000
  1.0000000e+000  1.6641995e-001 -1.4882977e+000
  1.0000000e+000  9.3836378e-002 -1.3422572e+000
  1.0000000e+000  2.5900808e-002  1.4480960e+000
  1.0000000e+000 -1.1820262e+000 -7.7378059e-001
  1.0000000e+000 -1.3412114e+000  2.0307615e-001
  1.0000000e+000 -1.0761014e+000 -4.8212190e-001
  1.0000000e+000 -1.1323574e+000  6.7038115e-001
  1.0000000e+000 -7.5476407e-001  1.5352680e+000
  1.0000000e+000 -3.5276591e-001  9.5663709e-001
  1.0000000e+000 -1.2018086e+000 -7.9273822e-001
  1.0000000e+000 -1.3393641e+000  5.2121113e-001
  1.0000000e+000 -1.0802849e+000 -7.8214450e-001
  1.0000000e+000 -8.9730499e-001  4.5831807e-001
  1.0000000e+000 -1.2341217e+000 -1.2197588e+000
  1.0000000e+000  7.1922386e-001  1.6379310e+000
  1.0000000e+000 -9.8428465e-001  1.5127377e+000
  1.0000000e+000 -5.4152935e-001 -1.1096422e+000
  1.0000000e+000  9.8356761e-001 -7.4453413e-001
  1.0000000e+000 -1.0567387e+000  2.2037970e-002
  1.0000000e+000  4.7584062e-001  1.0166299e+000
  1.0000000e+000  1.1152135e+000  1.1560558e+000
  1.0000000e+000 -9.4674604e-001 -1.3351154e+000
  1.0000000e+000  1.4329131e+000 -1.0992333e+000
  1.0000000e+000  9.7118024e-001 -1.2304846e+000
  1.0000000e+000 -8.1709944e-001  1.0297746e+000
  1.0000000e+000  7.7435482e-001 -1.1213392e+000
  1.0000000e+000  1.0235004e+000 -8.0676012e-001
  1.0000000e+000  1.1282901e+000  6.3091251e-001
  1.0000000e+000 -2.2697498e-001 -1.1285009e+000
  1.0000000e+000 -3.1419641e-001  1.6616095e+000
  1.0000000e+000  1.6212630e+000 -4.8044361e-001
  1.0000000e+000 -1.2634219e+000  2.7020830e-001
  1.0000000e+000  9.7071516e-001 -3.6423428e-001
  1.0000000e+000 -1.2910067e+000  6.3970517e-001
  1.0000000e+000  2.2762454e-001 -1.8110040e+000
  1.0000000e+000 -1.5774206e-001 -1.0742692e+000
  1.0000000e+000 -1.5463027e+000 -6.8820437e-001
  1.0000000e+000 -6.7938774e-001 -1.5929528e+000
  1.0000000e+000 -9.2107835e-001  1.3814913e+000
  1.0000000e+000 -8.4396276e-001 -1.4325060e+000
  1.0000000e+000 -5.8794197e-001  1.2162978e+000
  1.0000000e+000  1.2520103e+000  8.7612821e-001
  1.0000000e+000  1.6649065e+000  6.8381056e-001
  1.0000000e+000 -1.3657773e+000  4.2354981e-001
  1.0000000e+000 -7.3045332e-001 -8.4618366e-001
  1.0000000e+000  1.1969210e+000  2.3915959e-001
  1.0000000e+000 -6.7915524e-001  8.1997614e-001
  1.0000000e+000  5.2884368e-001  1.0399984e+000
  1.0000000e+000  3.1584101e-001  1.3936088e+000
  1.0000000e+000  7.5914210e-001 -1.3958421e+000
  1.0000000e+000 -1.5920502e+000  3.1654875e-001
  1.0000000e+000 -1.7183546e+000 -2.5258243e-001
  1.0000000e+000  1.3088584e+000 -5.5003184e-001
  1.0000000e+000 -4.6539869e-001 -1.2621563e+000
  1.0000000e+000 -1.3949157e+000 -7.9005902e-001
  1.0000000e+000  1.6489073e+000 -1.1666000e-001
  1.0000000e+000  3.6604875e-001 -1.2037093e+000
  1.0000000e+000  1.0002731e+000 -1.4188227e+000
  1.0000000e+000 -1.4066317e+000 -9.4672088e-001
  1.0000000e+000 -5.8121053e-001 -1.2080427e+000
  1.0000000e+000  7.8723509e-001 -1.4443243e+000
  1.0000000e+000  1.0494414e+000  8.3042205e-001
  1.0000000e+000  2.0486737e-001  1.1231143e+000
  1.0000000e+000  4.3028106e-001  1.3293267e+000
  1.0000000e+000  8.8605815e-001 -1.3476185e+000
  1.0000000e+000  2.0914565e-001 -1.2998337e+000
  1.0000000e+000  9.3571060e-001 -6.3711264e-001
  1.0000000e+000  1.0855254e+000  8.4131470e-001
  1.0000000e+000  1.1183413e+000 -1.0305665e+000
  1.0000000e+000 -8.2583822e-001 -1.3822915e+000
  1.0000000e+000 -9.8945050e-001 -6.0513056e-001
  1.0000000e+000 -7.6569936e-001 -1.0652298e+000
  1.0000000e+000  7.6717099e-001 -9.7405178e-001
  1.0000000e+000  1.3606040e+000  6.0713310e-001
  1.0000000e+000 -1.3450519e+000 -4.5235117e-001
  1.0000000e+000  1.2318122e+000 -4.5719134e-001
  1.0000000e+000 -6.0558823e-001 -1.7097337e+000
  1.0000000e+000  1.0297906e+000  4.2970219e-001
  1.0000000e+000 -6.4315702e-001  1.2629237e+000
  1.0000000e+000  8.8599094e-001 -1.2805172e+000
  1.0000000e+000 -1.6278780e+000  5.2586964e-001
  1.0000000e+000  1.5126604e+000  9.5304257e-001
  1.0000000e+000 -1.4326332e+000 -9.0934778e-001
  1.0000000e+000 -1.3947053e+000  3.1640374e-001
  1.0000000e+000 -1.7818490e+000  2.2816683e-001
  1.0000000e+000 -1.5278215e+000 -6.4253270e-002
  1.0000000e+000  3.8407172e-001  1.1510615e+000
  1.0000000e+000 -1.6107028e+000  3.7932920e-001
  1.0000000e+000 -6.7208373e-001 -8.4301202e-001
  1.0000000e+000  7.9038599e-001 -1.3471148e+000
  1.0000000e+000 -1.4921831e+000 -1.3777508e-001
  1.0000000e+000 -9.6522044e-001 -6.2324155e-001
  1.0000000e+000 -1.1974425e+000 -8.1036673e-001
  1.0000000e+000  9.2538404e-002 -1.6194929e+000
  1.0000000e+000 -1.1438777e-001 -1.1747091e+000
  1.0000000e+000 -1.1651218e+000 -9.3487627e-001
  1.0000000e+000 -1.4471703e+000 -4.9430692e-001
  1.0000000e+000 -1.7166278e-001  1.3368864e+000
  1.0000000e+000 -8.2355328e-001  1.3403888e+000
  1.0000000e+000  5.2898987e-001 -1.3967540e+000
  1.0000000e+000 -2.1487978e-001  1.0245329e+000
  1.0000000e+000 -9.6643540e-001 -1.2785818e+000
  1.0000000e+000 -1.6808272e+000  1.4891224e-002
  1.0000000e+000  1.0064875e+000  4.2848215e-001
  1.0000000e+000 -1.2334235e+000 -3.8349828e-001
  1.0000000e+000  3.4024024e-001 -1.0006957e+000
  1.0000000e+000  1.2260096e+000 -2.6192715e-001
  1.0000000e+000 -1.6407245e-001  1.0787886e+000
  1.0000000e+000  1.3705370e+000  1.1921052e+000
  1.0000000e+000 -1.0535877e+000 -7.8492637e-001
  1.0000000e+000 -1.3066075e+000 -7.1552358e-002
  1.0000000e+000  1.5415811e+000 -4.7702793e-001
  1.0000000e+000  1.3364828e+000 -4.5571734e-001
  1.0000000e+000  1.1211610e+000  3.4109868e-001
  1.0000000e+000 -8.0385141e-001  6.7800630e-001
  1.0000000e+000  1.3082559e+000 -5.8010420e-001
  1.0000000e+000  1.5635084e+000 -8.6271490e-003
  1.0000000e+000  4.0082190e-001 -1.4072339e+000
  1.0000000e+000 -8.8424825e-001  9.9051021e-001
  1.0000000e+000 -1.2006150e+000 -7.8308843e-001
  1.0000000e+000 -8.2698154e-001  5.8647792e-001
  1.0000000e+000 -1.4118798e+000 -3.8437910e-002
  1.0000000e+000 -5.1851607e-001  1.7050328e+000
  1.0000000e+000  5.9570896e-001  1.0845109e+000
  1.0000000e+000 -1.4661950e+000  6.0029084e-001
  1.0000000e+000 -7.6362395e-001  1.1214959e+000
  1.0000000e+000  4.1013240e-002 -1.4306631e+000
  1.0000000e+000 -1.5013835e+000 -5.1134748e-001
  1.0000000e+000  7.8067399e-001 -1.2037415e+000
  1.0000000e+000  1.2165162e+000  8.3586089e-001
  1.0000000e+000  1.2960657e+000  5.5145938e-001
  1.0000000e+000 -1.1637479e-001 -1.2976251e+000
  1.0000000e+000 -8.4305133e-001  1.5989992e+000
  1.0000000e+000 -8.7270101e-001 -1.4191240e+000
  1.0000000e+000  1.4566731e-001  1.1240778e+000
  1.0000000e+000 -3.7623827e-001  1.0510985e+000
  1.0000000e+000  7.1287278e-001  1.1177304e+000
  1.0000000e+000 -1.5040949e+000  5.9202905e-001
  1.0000000e+000 -8.2080404e-001 -1.5401662e+000
  1.0000000e+000  1.2957477e+000  6.0866749e-002
  1.0000000e+000  8.7329735e-001 -8.3969084e-001
  1.0000000e+000  1.2533829e+000  8.5307807e-001
  1.0000000e+000 -1.3968434e+000  1.0487470e+000
  1.0000000e+000 -5.5120580e-001 -1.2574338e+000
  1.0000000e+000  8.7086679e-001  1.2531391e+000
  1.0000000e+000  2.5548467e-001 -1.4030627e+000
  1.0000000e+000  8.8349162e-001  8.6197402e-001
  1.0000000e+000 -3.6206035e-001  1.4151543e+000
  1.0000000e+000 -8.5956023e-001 -1.2139625e+000
  1.0000000e+000  1.6546271e+000 -6.3761485e-001
  1.0000000e+000 -6.8595765e-001 -1.0971434e+000
  1.0000000e+000 -6.6927775e-001 -1.1011544e+000
  1.0000000e+000 -3.1599452e-001 -1.0502392e+000
  1.0000000e+000 -1.1715524e+000 -1.1427610e+000
  1.0000000e+000  8.7495350e-001  1.2745674e+000
  1.0000000e+000 -9.6080380e-002 -1.1663357e+000
  1.0000000e+000 -3.5392419e-001 -1.3801535e+000
  1.0000000e+000  1.1254995e-001 -1.4569454e+000
  1.0000000e+000 -4.0945018e-001 -1.0041901e+000
  1.0000000e+000 -1.8094351e+000  1.7076109e-001
  1.0000000e+000 -1.4972234e+000  5.4210774e-001
  1.0000000e+000 -1.1872552e-002 -1.1103568e+000
  1.0000000e+000  3.4345639e-001 -1.1114213e+000
  1.0000000e+000  1.2530396e+000 -1.1646169e-001
  1.0000000e+000 -1.4286426e+000  8.3989198e-001
  1.0000000e+000 -1.4235165e+000 -1.3482228e-001
  1.0000000e+000 -6.1526022e-001 -1.0255612e+000
  1.0000000e+000  6.9489359e-001 -8.6920319e-001
  1.0000000e+000  1.6857555e+000  4.0746346e-001
  1.0000000e+000  8.8781196e-001  7.6796334e-001
  1.0000000e+000 -4.3819422e-001 -1.2693067e+000
  1.0000000e+000  3.0840227e-002 -1.6766222e+000
  1.0000000e+000  3.9960285e-001  1.5525940e+000
  1.0000000e+000 -1.3355292e+000  7.1269346e-001
  1.0000000e+000 -1.4257984e+000  9.5875931e-001
  1.0000000e+000  7.1075860e-001  1.5452131e+000
  1.0000000e+000 -1.2668423e+000  6.0049828e-001
  1.0000000e+000 -1.0294108e+000 -9.3594921e-001
  1.0000000e+000  1.4694744e+000 -5.7500682e-001
  1.0000000e+000 -7.6714516e-001 -1.4399707e+000
  1.0000000e+000  5.2835340e-001  8.7955266e-001
  1.0000000e+000  1.7282518e-001  1.1221165e+000
  1.0000000e+000 -7.8884789e-001 -1.3479022e+000
  1.0000000e+000  9.0454689e-001 -9.0048948e-001
  1.0000000e+000  9.4318273e-001 -9.8060473e-001
  1.0000000e+000  1.3060178e+000 -7.9350961e-001
  1.0000000e+000 -5.3154049e-001 -8.5162552e-001
  1.0000000e+000  6.9591454e-001  1.2310321e+000
  1.0000000e+000 -1.2395210e+000 -4.5967218e-001
  1.0000000e+000  5.7382152e-001 -1.3267717e+000
  1.0000000e+000  1.4743669e+000 -5.6584705e-001
  1.0000000e+000  1.6354964e+000  2.4736662e-001
  1.0000000e+000  2.6559635e-001 -1.0173057e+000
  1.0000000e+000 -1.0790743e+000 -1.3814102e+000
  1.0000000e+000 -1.1726448e+000  9.3729433e-001
  1.0000000e+000  1.5441072e+000  3.9303603e-001
  1.0000000e+000 -9.7943192e-001  5.2784200e-001
  1.0000000e+000 -9.3381755e-001  1.1872197e+000
  1.0000000e+000  1.6598761e+000 -1.4310371e-001
  1.0000000e+000 -4.8318023e-001  1.6010135e+000
  1.0000000e+000 -4.4108039e-001  9.3956931e-001
  1.0000000e+000 -1.1868788e+000 -3.7330504e-001
  1.0000000e+000 -4.3352837e-001  1.0219679e+000
  1.0000000e+000 -1.7096909e-001 -9.8687196e-001
  1.0000000e+000 -2.9916911e-001  1.1455680e+000
  1.0000000e+000  1.1834711e+000  7.0999114e-001
  1.0000000e+000  4.2041057e-001 -9.3355779e-001
  1.0000000e+000 -2.1233072e-001 -1.7136416e+000
  1.0000000e+000 -3.5069731e-001  1.0063128e+000
  1.0000000e+000  1.3987217e+000 -5.9137571e-001
  1.0000000e+000 -8.3536211e-001 -6.9119590e-001
  1.0000000e+000 -7.1338186e-001 -1.1593997e+000
  1.0000000e+000  5.9002935e-001 -1.3129613e+000
  2.0000000e+000  2.7919343e+000  1.0720794e-001
  2.0000000e+000  2.5390139e+000  4.1929098e-002
  2.0000000e+000  2.9121582e+000  2.1678341e-001
  2.0000000e+000  2.8800746e+000  9.1340359e-002
  2.0000000e+000  3.3176839e+000  2.1459715e-001
  2.0000000e+000  3.0949665e+000 -1.4973400e-001
  2.0000000e+000  3.1528894e+000  2.2301949e-001
  2.0000000e+000  2.4922947e+000  2.0966368e-001
  2.0000000e+000  2.5226867e+000  1.1431414e-001
  2.0000000e+000  2.9273178e+000  1.6919827e-001
  2.0000000e+000  3.0719664e+000  7.2915998e-002
  2.0000000e+000  2.9316561e+000  1.6337886e-001
  2.0000000e+000  2.9983391e+000  2.0648183e-001
  2.0000000e+000  3.1273689e+000  3.3400494e-001
  2.0000000e+000  3.1904153e+000  1.3434837e-001
  2.0000000e+000  2.4744488e+000  4.7246005e-001
  2.0000000e+000  2.6900825e+000  5.7754112e-001
  2.0000000e+000  2.8154215e+000  7.1544505e-001
  2.0000000e+000  2.9762248e+000  6.8450006e-001
  2.0000000e+000  2.7834138e+000  4.1699336e-001
  2.0000000e+000  2.9987063e+000  3.7682165e-001
  2.0000000e+000  3.3882278e+000  5.5722043e-001
  2.0000000e+000  3.5189788e+000  8.1470453e-001
  2.0000000e+000  2.5071555e+000  9.6067327e-001
  2.0000000e+000  2.4000908e+000  7.6173034e-001
  2.0000000e+000  2.6867736e+000  7.4465921e-001
  2.0000000e+000  2.9697062e+000  8.3750579e-001
  2.0000000e+000  3.0043302e+000  9.7909550e-001
  2.0000000e+000  2.8922951e+000  1.1197151e+000
  2.0000000e+000  3.1299182e+000  7.2517933e-001
  2.0000000e+000  3.2538720e+000  9.1668714e-001
  2.0000000e+000  2.3866727e+000  1.0668219e+000
  2.0000000e+000  2.3213150e+000  9.6550672e-001
  2.0000000e+000  2.4797831e+000  9.8830235e-001
  2.0000000e+000  2.8028393e+000  9.3018047e-001
  2.0000000e+000  2.7673403e+000  1.2169515e+000
  2.0000000e+000  3.1056738e+000  1.1049624e+000
  2.0000000e+000  3.1268273e+000  1.1579678e+000
  2.0000000e+000  3.1580043e+000  1.1046520e+000
  2.0000000e+000  2.0543727e+000  1.0593387e+000
  2.0000000e+000  2.3560027e+000  1.4471525e+000
  2.0000000e+000  2.4449918e+000  1.1836496e+000
  2.0000000e+000  2.3846231e+000  1.4669457e+000
  2.0000000e+000  2.7860694e+000  1.5820452e+000
  2.0000000e+000  2.8412154e+000  1.2982111e+000
  2.0000000e+000  2.6493044e+000  1.2891436e+000
  2.0000000e+000  2.7598041e+000  1.7527466e+000
  2.0000000e+000  2.1103868e+000  1.4108267e+000
  2.0000000e+000  2.2301997e+000  1.6718952e+000
  2.0000000e+000  2.3961564e+000  1.3180215e+000
  2.0000000e+000  2.3725036e+000  1.5261129e+000
  2.0000000e+000  2.7116529e+000  1.5202153e+000
  2.0000000e+000  2.6620088e+000  1.8083294e+000
  2.0000000e+000  2.7302494e+000  1.8530420e+000
  2.0000000e+000  2.9053933e+000  2.0723103e+000
  2.0000000e+000  1.8079695e+000  1.5477099e+000
  2.0000000e+000  1.9579769e+000  1.5602299e+000
  2.0000000e+000  2.1033075e+000  1.7599439e+000
  2.0000000e+000  2.3661054e+000  1.8131751e+000
  2.0000000e+000  2.5202007e+000  1.7755387e+000
  2.0000000e+000  2.4967553e+000  2.2083726e+000
  2.0000000e+000  2.4346365e+000  1.9160075e+000
  2.0000000e+000  2.8485050e+000  2.1560704e+000
  2.0000000e+000  1.7979561e+000  1.8711462e+000
  2.0000000e+000  1.7775210e+000  1.6416046e+000
  2.0000000e+000  2.0035771e+000  1.9558742e+000
  2.0000000e+000  1.8792279e+000  1.8172996e+000
  2.0000000e+000  2.2146629e+000  2.1605350e+000
  2.0000000e+000  2.3324666e+000  2.3402309e+000
  2.0000000e+000  2.5474210e+000  2.4937486e+000
  2.0000000e+000  2.2285209e+000  2.5806478e+000
  2.0000000e+000  1.3506601e+000  2.0156813e+000
  2.0000000e+000  1.5306458e+000  1.9857401e+000
  2.0000000e+000  1.5503796e+000  2.0654628e+000
  2.0000000e+000  1.8676769e+000  2.2666471e+000
  2.0000000e+000  1.7808989e+000  2.2232653e+000
  2.0000000e+000  1.7827566e+000  2.5072684e+000
  2.0000000e+000  2.1106299e+000  2.2688447e+000
  2.0000000e+000  2.2536507e+000  2.4299131e+000
  2.0000000e+000  1.4448402e+000  1.9974338e+000
  2.0000000e+000  1.5562981e+000  1.9575018e+000
  2.0000000e+000  1.5385557e+000  2.3682466e+000
  2.0000000e+000  1.6686913e+000  2.4149858e+000
  2.0000000e+000  1.7372230e+000  2.7223251e+000
  2.0000000e+000  1.4953117e+000  2.4117192e+000
  2.0000000e+000  1.9178966e+000  2.4920686e+000
  2.0000000e+000  1.7984960e+000  2.7405878e+000
  2.0000000e+000  1.2958887e+000  2.2370178e+000
  2.0000000e+000  1.1791295e+000  2.1592388e+000
  2.0000000e+000  1.2543748e+000  2.3881173e+000
  2.0000000e+000  1.2497024e+000  2.3894932e+000
  2.0000000e+000  1.3524975e+000  2.5911820e+000
  2.0000000e+000  1.5561606e+000  2.7359962e+000
  2.0000000e+000  1.7524993e+000  3.1092472e+000
  2.0000000e+000  1.3638168e+000  2.7625239e+000
  2.0000000e+000  7.6432932e-001  2.4369516e+000
  2.0000000e+000  9.0979770e-001  2.3443489e+000
  2.0000000e+000  8.9752951e-001  2.7098339e+000
  2.0000000e+000  8.9619659e-001  2.6041623e+000
  2.0000000e+000  9.2485435e-001  2.5810140e+000
  2.0000000e+000  1.1686605e+000  2.6456620e+000
  2.0000000e+000  1.2088167e+000  2.9199838e+000
  2.0000000e+000  1.0459286e+000  3.1422910e+000
  2.0000000e+000  8.7737297e-001  2.5240287e+000
  2.0000000e+000  6.3804178e-001  2.6334602e+000
  2.0000000e+000  5.8309015e-001  2.5911809e+000
  2.0000000e+000  1.0490427e+000  2.7245106e+000
  2.0000000e+000  1.0090473e+000  2.9083155e+000
  2.0000000e+000  8.8538124e-001  2.7549486e+000
  2.0000000e+000  1.0280119e+000  2.8636411e+000
  2.0000000e+000  8.8256229e-001  3.2147620e+000
  2.0000000e+000  5.3898115e-001  2.2550215e+000
  2.0000000e+000  5.9639625e-001  2.8072781e+000
  2.0000000e+000  7.6511353e-001  2.9138012e+000
  2.0000000e+000  7.5155469e-001  2.8357101e+000
  2.0000000e+000  3.4986072e-001  2.8051833e+000
  2.0000000e+000  7.0613943e-001  3.1891055e+000
  2.0000000e+000  5.1044674e-001  3.3770960e+000
  2.0000000e+000  4.2990490e-001  3.1716217e+000
  2.0000000e+000  1.4290665e-001  2.4472896e+000
  2.0000000e+000  5.3878874e-002  2.6113786e+000
  2.0000000e+000  3.6851764e-001  2.8101118e+000
  2.0000000e+000  1.7703337e-001  3.0734202e+000
  2.0000000e+000  6.9928865e-002  2.9078081e+000
  2.0000000e+000  7.7700365e-002  2.9049910e+000
  2.0000000e+000  5.6026217e-001  3.1793939e+000
  2.0000000e+000  1.0501848e-001  3.2129451e+000
  2.0000000e+000 -2.8444013e-002  2.6945784e+000
  2.0000000e+000  3.5185465e-002  2.8632171e+000
  2.0000000e+000  5.7514018e-002  2.9156464e+000
  2.0000000e+000 -7.7837739e-002  2.8423948e+000
  2.0000000e+000  2.0506606e-001  3.1442442e+000
  2.0000000e+000 -1.5978779e-001  3.0753574e+000
  2.0000000e+000 -9.7896103e-002  3.3911397e+000
  2.0000000e+000  1.1471735e-001  3.5695574e+000
  2.0000000e+000 -4.5716712e-001  2.4019184e+000
  2.0000000e+000 -4.6574764e-001  2.3671806e+000
  2.0000000e+000 -1.5566466e-001  2.5617634e+000
  2.0000000e+000 -4.1506538e-001  2.9710118e+000
  2.0000000e+000 -3.4333232e-001  2.9781237e+000
  2.0000000e+000 -1.0115642e-001  3.1268773e+000
  2.0000000e+000 -5.4060715e-001  3.4208569e+000
  2.0000000e+000 -4.6192986e-001  3.1482533e+000
  2.0000000e+000 -6.7933866e-001  2.2054668e+000
  2.0000000e+000 -3.6925931e-001  2.6440784e+000
  2.0000000e+000 -4.1186400e-001  2.8680024e+000
  2.0000000e+000 -6.3378779e-001  2.9046731e+000
  2.0000000e+000 -3.7819574e-001  2.7937313e+000
  2.0000000e+000 -3.8058712e-001  3.1467997e+000
  2.0000000e+000 -4.9077875e-001  3.0761207e+000
  2.0000000e+000 -7.6017368e-001  3.1623692e+000
  2.0000000e+000 -6.6025299e-001  2.4030110e+000
  2.0000000e+000 -8.7743336e-001  2.3260061e+000
  2.0000000e+000 -9.6494353e-001  2.5970964e+000
  2.0000000e+000 -8.2103440e-001  2.8873747e+000
  2.0000000e+000 -9.6996525e-001  2.8432812e+000
  2.0000000e+000 -9.0558366e-001  2.9687209e+000
  2.0000000e+000 -1.1417741e+000  3.1379382e+000
  2.0000000e+000 -9.5428693e-001  3.4135683e+000
  2.0000000e+000 -1.2036382e+000  2.3494302e+000
  2.0000000e+000 -1.1017698e+000  2.3692575e+000
  2.0000000e+000 -8.2105101e-001  2.6230819e+000
  2.0000000e+000 -1.1238972e+000  2.4915973e+000
  2.0000000e+000 -1.1820561e+000  2.5572587e+000
  2.0000000e+000 -1.1074683e+000  2.9626362e+000
  2.0000000e+000 -1.3674174e+000  2.9619011e+000
  2.0000000e+000 -1.3762115e+000  3.0751938e+000
  2.0000000e+000 -1.4190791e+000  2.3180663e+000
  2.0000000e+000 -1.0251189e+000  2.2574887e+000
  2.0000000e+000 -1.3548132e+000  2.3389592e+000
  2.0000000e+000 -1.3877681e+000  2.5725062e+000
  2.0000000e+000 -1.4661975e+000  2.6442261e+000
  2.0000000e+000 -1.7229919e+000  2.5817734e+000
  2.0000000e+000 -1.4846304e+000  2.7495745e+000
  2.0000000e+000 -1.7620136e+000  2.8429218e+000
  2.0000000e+000 -1.1516992e+000  2.0717904e+000
  2.0000000e+000 -1.3797056e+000  2.2413977e+000
  2.0000000e+000 -1.5067868e+000  2.2533675e+000
  2.0000000e+000 -1.6737433e+000  2.5670400e+000
  2.0000000e+000 -1.4397568e+000  2.3185840e+000
  2.0000000e+000 -1.6028777e+000  2.8166071e+000
  2.0000000e+000 -1.6366280e+000  2.6205536e+000
  2.0000000e+000 -1.7031200e+000  2.8150619e+000
  2.0000000e+000 -1.3397903e+000  2.1671009e+000
  2.0000000e+000 -1.5279026e+000  1.9442815e+000
  2.0000000e+000 -1.7990819e+000  2.3749759e+000
  2.0000000e+000 -2.0007082e+000  1.9843532e+000
  2.0000000e+000 -2.0152805e+000  2.4879576e+000
  2.0000000e+000 -1.8669252e+000  2.6079221e+000
  2.0000000e+000 -2.2577946e+000  2.5016222e+000
  2.0000000e+000 -2.3475550e+000  2.7384679e+000
  2.0000000e+000 -1.9434831e+000  1.6094958e+000
  2.0000000e+000 -1.9106467e+000  1.8152579e+000
  2.0000000e+000 -2.0013100e+000  1.9229629e+000
  2.0000000e+000 -1.8911113e+000  2.2735234e+000
  2.0000000e+000 -2.3140643e+000  2.3038977e+000
  2.0000000e+000 -2.1677059e+000  2.3738523e+000
  2.0000000e+000 -2.4605049e+000  2.3722256e+000
  2.0000000e+000 -2.5472624e+000  2.5923741e+000
  2.0000000e+000 -2.0280222e+000  1.3394553e+000
  2.0000000e+000 -1.8239263e+000  1.5544119e+000
  2.0000000e+000 -2.2935649e+000  1.4960961e+000
  2.0000000e+000 -2.4529630e+000  1.6434585e+000
  2.0000000e+000 -2.2852470e+000  1.9238262e+000
  2.0000000e+000 -2.6196575e+000  1.8209159e+000
  2.0000000e+000 -2.6551727e+000  1.8444561e+000
  2.0000000e+000 -2.6287011e+000  2.2889054e+000
  2.0000000e+000 -2.2237106e+000  1.4624771e+000
  2.0000000e+000 -2.3605502e+000  1.6710948e+000
  2.0000000e+000 -2.4385022e+000  1.4067171e+000
  2.0000000e+000 -2.6399724e+000  1.4097963e+000
  2.0000000e+000 -2.4170848e+000  1.4727939e+000
  2.0000000e+000 -2.4692525e+000  1.5064573e+000
  2.0000000e+000 -2.7778947e+000  1.8837875e+000
  2.0000000e+000 -2.8538100e+000  1.7513462e+000
  2.0000000e+000 -2.2923708e+000  1.2063585e+000
  2.0000000e+000 -2.3297317e+000  1.1149954e+000
  2.0000000e+000 -2.6113881e+000  1.3399154e+000
  2.0000000e+000 -2.6924993e+000  1.4056898e+000
  2.0000000e+000 -2.4362182e+000  1.1882442e+000
  2.0000000e+000 -2.5684083e+000  1.6611219e+000
  2.0000000e+000 -2.8061498e+000  1.5813661e+000
  2.0000000e+000 -2.9824069e+000  1.6278369e+000
  2.0000000e+000 -2.2346081e+000  7.9147512e-001
  2.0000000e+000 -2.4928381e+000  7.6074063e-001
  2.0000000e+000 -2.3920560e+000  1.0882858e+000
  2.0000000e+000 -2.4561009e+000  1.1573085e+000
  2.0000000e+000 -2.6783480e+000  1.1458064e+000
  2.0000000e+000 -2.8321670e+000  1.2644256e+000
  2.0000000e+000 -2.8844233e+000  1.4665416e+000
  2.0000000e+000 -2.9840991e+000  1.0492720e+000
  2.0000000e+000 -2.2520899e+000  5.3861273e-001
  2.0000000e+000 -2.3248238e+000  9.9796538e-001
  2.0000000e+000 -2.6724072e+000  6.5181240e-001
  2.0000000e+000 -2.8058717e+000  9.7442069e-001
  2.0000000e+000 -2.6858710e+000  1.0494303e+000
  2.0000000e+000 -3.2201630e+000  7.5152556e-001
  2.0000000e+000 -2.9124818e+000  9.0876828e-001
  2.0000000e+000 -2.9862973e+000  8.5622060e-001
  2.0000000e+000 -2.6658075e+000  4.4346738e-001
  2.0000000e+000 -2.6604585e+000  6.2923886e-001
  2.0000000e+000 -2.6694826e+000  6.1930759e-001
  2.0000000e+000 -2.9660798e+000  3.1500610e-001
  2.0000000e+000 -2.8869090e+000  6.8723059e-001
  2.0000000e+000 -2.8244960e+000  4.7807549e-001
  2.0000000e+000 -2.9554723e+000  7.0597390e-001
  2.0000000e+000 -3.4018787e+000  5.8605664e-001
  2.0000000e+000 -2.2482533e+000  2.1065099e-001
  2.0000000e+000 -2.7346023e+000  4.2062860e-001
  2.0000000e+000 -2.7636053e+000  1.0122252e-001
  2.0000000e+000 -2.6423251e+000  2.0009947e-001
  2.0000000e+000 -3.0694304e+000  4.2299998e-001
  2.0000000e+000 -3.1000882e+000  4.1681186e-001
  2.0000000e+000 -3.1786261e+000  8.9262528e-002
  2.0000000e+000 -3.4392579e+000  1.5663855e-001
  2.0000000e+000 -2.4541783e+000 -6.1102987e-002
  2.0000000e+000 -2.7634193e+000 -7.6519725e-002
  2.0000000e+000 -2.8256102e+000 -8.1065406e-002
  2.0000000e+000 -2.7238401e+000 -7.4621351e-002
  2.0000000e+000 -3.0540997e+000  1.7513885e-001
  2.0000000e+000 -3.0541759e+000  1.8286158e-001
  2.0000000e+000 -3.3036013e+000  1.8705577e-001
  2.0000000e+000 -3.5527925e+000 -1.2414151e-001
  2.0000000e+000 -2.5438348e+000 -2.6986616e-001
  2.0000000e+000 -2.3715779e+000 -3.8437280e-001
  2.0000000e+000 -2.5220095e+000 -2.3420526e-001
  2.0000000e+000 -2.7638384e+000 -3.5594408e-001
  2.0000000e+000 -2.9703148e+000 -5.3049478e-001
  2.0000000e+000 -3.0155200e+000 -5.3379629e-001
  2.0000000e+000 -3.4498809e+000 -5.5320689e-001
  2.0000000e+000 -3.1235203e+000 -2.0038934e-001
  2.0000000e+000 -2.2987394e+000 -7.1895180e-001
  2.0000000e+000 -2.4262817e+000 -4.8795336e-001
  2.0000000e+000 -2.4766294e+000 -2.8817194e-001
  2.0000000e+000 -2.6034524e+000 -5.9669837e-001
  2.0000000e+000 -2.7688272e+000 -6.9486398e-001
  2.0000000e+000 -3.2889495e+000 -6.6233046e-001
  2.0000000e+000 -3.3939066e+000 -4.5804806e-001
  2.0000000e+000 -3.0651563e+000 -5.1190805e-001
  2.0000000e+000 -2.1742919e+000 -5.5303769e-001
  2.0000000e+000 -2.4144828e+000 -9.2061727e-001
  2.0000000e+000 -2.4968882e+000 -7.9074675e-001
  2.0000000e+000 -2.7324859e+000 -8.4692049e-001
  2.0000000e+000 -2.7357911e+000 -7.2101919e-001
  2.0000000e+000 -2.8080594e+000 -8.5251144e-001
  2.0000000e+000 -2.9903154e+000 -7.6896571e-001
  2.0000000e+000 -3.0207831e+000 -8.3870390e-001
  2.0000000e+000 -2.5327779e+000 -1.1046831e+000
  2.0000000e+000 -2.2110403e+000 -1.1302697e+000
  2.0000000e+000 -2.3458456e+000 -9.2171152e-001
  2.0000000e+000 -2.7021724e+000 -9.5325342e-001
  2.0000000e+000 -2.5819222e+000 -9.2789197e-001
  2.0000000e+000 -2.7475352e+000 -1.0774472e+000
  2.0000000e+000 -2.7697585e+000 -1.2044054e+000
  2.0000000e+000 -3.1153945e+000 -1.3640828e+000
  2.0000000e+000 -2.2436112e+000 -1.3901853e+000
  2.0000000e+000 -2.2443694e+000 -1.3271978e+000
  2.0000000e+000 -2.2202627e+000 -1.2644170e+000
  2.0000000e+000 -2.6220948e+000 -1.3096610e+000
  2.0000000e+000 -2.7251889e+000 -1.6177142e+000
  2.0000000e+000 -2.5153553e+000 -1.4181161e+000
  2.0000000e+000 -2.8115045e+000 -1.3620525e+000
  2.0000000e+000 -2.7820508e+000 -1.6244009e+000
  2.0000000e+000 -2.1522560e+000 -1.3720697e+000
  2.0000000e+000 -2.2461044e+000 -1.5817059e+000
  2.0000000e+000 -2.3125991e+000 -1.3060155e+000
  2.0000000e+000 -2.4114560e+000 -1.4170516e+000
  2.0000000e+000 -2.5828724e+000 -1.7417069e+000
  2.0000000e+000 -2.7126074e+000 -1.7516826e+000
  2.0000000e+000 -2.9169339e+000 -2.0034076e+000
  2.0000000e+000 -2.7516331e+000 -1.7621718e+000
  2.0000000e+000 -1.7526975e+000 -1.7840226e+000
  2.0000000e+000 -2.1316815e+000 -1.5095042e+000
  2.0000000e+000 -1.8839114e+000 -1.6780360e+000
  2.0000000e+000 -2.2743712e+000 -1.9993478e+000
  2.0000000e+000 -2.1445024e+000 -2.0576114e+000
  2.0000000e+000 -2.5025904e+000 -2.1497139e+000
  2.0000000e+000 -2.2782893e+000 -1.8869335e+000
  2.0000000e+000 -2.5522526e+000 -2.2121245e+000
  2.0000000e+000 -1.5573723e+000 -1.9471450e+000
  2.0000000e+000 -1.9231827e+000 -1.9958898e+000
  2.0000000e+000 -2.1861070e+000 -1.9757499e+000
  2.0000000e+000 -2.0266124e+000 -2.1866303e+000
  2.0000000e+000 -1.9256696e+000 -2.1354822e+000
  2.0000000e+000 -2.4123209e+000 -2.2069625e+000
  2.0000000e+000 -2.2863748e+000 -2.0556801e+000
  2.0000000e+000 -2.3429143e+000 -2.4160476e+000
  2.0000000e+000 -1.6366550e+000 -1.8274188e+000
  2.0000000e+000 -1.6186996e+000 -1.8100698e+000
  2.0000000e+000 -1.8494398e+000 -2.2785678e+000
  2.0000000e+000 -1.8354995e+000 -2.3871790e+000
  2.0000000e+000 -2.0974284e+000 -2.2412526e+000
  2.0000000e+000 -2.1708292e+000 -2.3104986e+000
  2.0000000e+000 -1.9230758e+000 -2.7484295e+000
  2.0000000e+000 -2.0632685e+000 -2.4258889e+000
  2.0000000e+000 -1.3331004e+000 -2.1672527e+000
  2.0000000e+000 -1.5730520e+000 -2.0879584e+000
  2.0000000e+000 -1.5404079e+000 -2.2883766e+000
  2.0000000e+000 -1.7290785e+000 -2.2431433e+000
  2.0000000e+000 -1.8656748e+000 -2.2892898e+000
  2.0000000e+000 -1.5123872e+000 -2.4644517e+000
  2.0000000e+000 -1.6396413e+000 -2.9085220e+000
  2.0000000e+000 -1.9039766e+000 -2.8905918e+000
  2.0000000e+000 -1.1847337e+000 -2.2353315e+000
  2.0000000e+000 -1.3703870e+000 -2.2535331e+000
  2.0000000e+000 -1.2926650e+000 -2.5255802e+000
  2.0000000e+000 -1.1881180e+000 -2.7446941e+000
  2.0000000e+000 -1.6321020e+000 -2.4619786e+000
  2.0000000e+000 -1.2627186e+000 -2.6388500e+000
  2.0000000e+000 -1.4006632e+000 -3.1042579e+000
  2.0000000e+000 -1.7351639e+000 -2.8463939e+000
  2.0000000e+000 -8.2841325e-001 -2.2436977e+000
  2.0000000e+000 -7.5916407e-001 -2.3623294e+000
  2.0000000e+000 -9.7652761e-001 -2.4273507e+000
  2.0000000e+000 -1.1565145e+000 -2.6065734e+000
  2.0000000e+000 -1.2005191e+000 -2.5336238e+000
  2.0000000e+000 -9.9266408e-001 -2.7122387e+000
  2.0000000e+000 -1.1990561e+000 -2.8222972e+000
  2.0000000e+000 -1.0776531e+000 -2.8706186e+000
  2.0000000e+000 -8.5953673e-001 -2.1983033e+000
  2.0000000e+000 -7.9474802e-001 -2.4249235e+000
  2.0000000e+000 -8.0080672e-001 -2.5696927e+000
  2.0000000e+000 -9.0078426e-001 -2.5433860e+000
  2.0000000e+000 -7.9544470e-001 -2.6671991e+000
  2.0000000e+000 -1.0487562e+000 -2.8871039e+000
  2.0000000e+000 -7.7619343e-001 -3.1348277e+000
  2.0000000e+000 -1.1611081e+000 -3.2377941e+000
  2.0000000e+000 -7.0153317e-001 -2.5312185e+000
  2.0000000e+000 -7.0539324e-001 -2.5279684e+000
  2.0000000e+000 -5.0768100e-001 -2.8325544e+000
  2.0000000e+000 -6.6106181e-001 -2.5959181e+000
  2.0000000e+000 -8.2998140e-001 -3.0935468e+000
  2.0000000e+000 -7.8282677e-001 -3.3055618e+000
  2.0000000e+000 -5.9811336e-001 -3.1775714e+000
  2.0000000e+000 -8.5347413e-001 -3.4093867e+000
  2.0000000e+000 -1.3765897e-001 -2.2938890e+000
  2.0000000e+000 -9.4327136e-002 -2.5007370e+000
  2.0000000e+000 -1.9093853e-001 -2.4896177e+000
  2.0000000e+000 -4.0172703e-001 -2.7800969e+000
  2.0000000e+000 -4.5637336e-002 -2.9010037e+000
  2.0000000e+000 -8.8754964e-002 -3.2762481e+000
  2.0000000e+000 -1.7750398e-001 -3.1372334e+000
  2.0000000e+000 -2.8472252e-001 -3.5007121e+000
  2.0000000e+000 -1.0314218e-001 -2.4636740e+000
  2.0000000e+000  5.4989933e-002 -2.7322162e+000
  2.0000000e+000 -2.0443529e-001 -2.5885952e+000
  2.0000000e+000 -1.1917570e-001 -3.1103346e+000
  2.0000000e+000 -2.4589112e-002 -3.0354689e+000
  2.0000000e+000 -1.2177890e-001 -2.9300350e+000
  2.0000000e+000 -1.3679682e-001 -3.2651104e+000
  2.0000000e+000 -2.4335488e-001 -3.5212641e+000
  2.0000000e+000  9.6961289e-002 -2.5614254e+000
  2.0000000e+000  2.8175858e-001 -2.4369603e+000
  2.0000000e+000  4.7123087e-001 -2.9205757e+000
  2.0000000e+000  3.7370479e-001 -2.7551348e+000
  2.0000000e+000  2.2184334e-001 -2.7990400e+000
  2.0000000e+000  1.8818054e-001 -3.2998153e+000
  2.0000000e+000  4.9618221e-001 -3.0025162e+000
  2.0000000e+000  1.4643934e-001 -3.5446899e+000
  2.0000000e+000  3.9831344e-001 -2.5555104e+000
  2.0000000e+000  3.7414958e-001 -2.4123592e+000
  2.0000000e+000  3.9694129e-001 -2.5253876e+000
  2.0000000e+000  7.3679164e-001 -2.6776180e+000
  2.0000000e+000  3.9000170e-001 -2.8908075e+000
  2.0000000e+000  7.2098325e-001 -3.0136544e+000
  2.0000000e+000  8.7666271e-001 -3.2892439e+000
  2.0000000e+000  6.1978560e-001 -3.0967122e+000
  2.0000000e+000  7.9953564e-001 -2.2159743e+000
  2.0000000e+000  9.8799016e-001 -2.3804612e+000
  2.0000000e+000  6.4781205e-001 -2.8787020e+000
  2.0000000e+000  7.6552711e-001 -2.9999417e+000
  2.0000000e+000  8.0343817e-001 -2.6867337e+000
  2.0000000e+000  7.5157416e-001 -3.1997368e+000
  2.0000000e+000  8.1541887e-001 -2.9902710e+000
  2.0000000e+000  9.8271176e-001 -3.1305253e+000
  2.0000000e+000  1.0721134e+000 -2.4564302e+000
  2.0000000e+000  9.7151719e-001 -2.3144397e+000
  2.0000000e+000  1.0006598e+000 -2.5837889e+000
  2.0000000e+000  1.0020664e+000 -2.6996007e+000
  2.0000000e+000  1.1177009e+000 -2.5978936e+000
  2.0000000e+000  1.0133779e+000 -3.0187182e+000
  2.0000000e+000  1.0858472e+000 -3.1554898e+000
  2.0000000e+000  1.3191382e+000 -3.0134831e+000
  2.0000000e+000  1.0604714e+000 -2.0486949e+000
  2.0000000e+000  1.2293641e+000 -2.2142148e+000
  2.0000000e+000  1.0910761e+000 -2.4850854e+000
  2.0000000e+000  1.5726798e+000 -2.7027693e+000
  2.0000000e+000  1.2675765e+000 -2.7709341e+000
  2.0000000e+000  1.3842868e+000 -2.5544541e+000
  2.0000000e+000  1.4716632e+000 -2.8925400e+000
  2.0000000e+000  1.6362790e+000 -3.0426639e+000
  2.0000000e+000  1.5591249e+000 -1.9379389e+000
  2.0000000e+000  1.4476023e+000 -2.1598091e+000
  2.0000000e+000  1.5492524e+000 -2.3302565e+000
  2.0000000e+000  1.8282941e+000 -2.4151132e+000
  2.0000000e+000  1.5457915e+000 -2.3708010e+000
  2.0000000e+000  1.6196133e+000 -2.8392709e+000
  2.0000000e+000  1.9815283e+000 -2.6867448e+000
  2.0000000e+000  1.6378058e+000 -2.8556959e+000
  2.0000000e+000  1.6016972e+000 -2.0601800e+000
  2.0000000e+000  1.5118469e+000 -2.1995691e+000
  2.0000000e+000  1.6408194e+000 -2.1446997e+000
  2.0000000e+000  2.0691801e+000 -2.1032743e+000
  2.0000000e+000  1.9919588e+000 -2.1068667e+000
  2.0000000e+000  2.0754447e+000 -2.2097247e+000
  2.0000000e+000  2.2471052e+000 -2.7502445e+000
  2.0000000e+000  2.0175135e+000 -2.4211931e+000
  2.0000000e+000  1.5310768e+000 -1.7146588e+000
  2.0000000e+000  2.0538781e+000 -1.8801011e+000
  2.0000000e+000  1.8943214e+000 -2.0348486e+000
  2.0000000e+000  1.9394896e+000 -2.2406664e+000
  2.0000000e+000  2.2244769e+000 -1.9079898e+000
  2.0000000e+000  2.3746514e+000 -2.2471615e+000
  2.0000000e+000  2.2754924e+000 -2.2804738e+000
  2.0000000e+000  2.4650154e+000 -2.5150206e+000
  2.0000000e+000  1.8657394e+000 -1.5588128e+000
  2.0000000e+000  2.2774937e+000 -1.5475975e+000
  2.0000000e+000  1.9739976e+000 -1.5290407e+000
  2.0000000e+000  2.2968460e+000 -1.6445902e+000
  2.0000000e+000  2.0968824e+000 -1.7236068e+000
  2.0000000e+000  2.3190666e+000 -1.8560558e+000
  2.0000000e+000  2.4447000e+000 -1.8722196e+000
  2.0000000e+000  2.5877593e+000 -2.2238648e+000
  2.0000000e+000  1.8924726e+000 -1.2058784e+000
  2.0000000e+000  2.3567428e+000 -1.5845251e+000
  2.0000000e+000  2.5049979e+000 -1.3417670e+000
  2.0000000e+000  2.4239925e+000 -1.6576620e+000
  2.0000000e+000  2.3847424e+000 -1.4665364e+000
  2.0000000e+000  2.5196227e+000 -1.7990655e+000
  2.0000000e+000  2.7549153e+000 -2.0168926e+000
  2.0000000e+000  2.7573401e+000 -2.0107799e+000
  2.0000000e+000  2.1502779e+000 -9.8893257e-001
  2.0000000e+000  2.2911414e+000 -1.3868983e+000
  2.0000000e+000  2.5161325e+000 -1.0814741e+000
  2.0000000e+000  2.3934249e+000 -1.3984093e+000
  2.0000000e+000  2.5667946e+000 -1.6033820e+000
  2.0000000e+000  2.8545752e+000 -1.4903055e+000
  2.0000000e+000  3.0779671e+000 -1.4051041e+000
  2.0000000e+000  3.0697410e+000 -1.5308466e+000
  2.0000000e+000  2.3780358e+000 -8.9438223e-001
  2.0000000e+000  2.5347092e+000 -8.1264006e-001
  2.0000000e+000  2.4754571e+000 -8.2551132e-001
  2.0000000e+000  2.7207766e+000 -9.6484362e-001
  2.0000000e+000  2.8554253e+000 -1.0618667e+000
  2.0000000e+000  2.6870095e+000 -9.6389968e-001
  2.0000000e+000  2.8621827e+000 -1.4429142e+000
  2.0000000e+000  2.9490166e+000 -1.1863201e+000
  2.0000000e+000  2.2428954e+000 -8.1696127e-001
  2.0000000e+000  2.6895921e+000 -6.9290850e-001
  2.0000000e+000  2.6598830e+000 -9.4231528e-001
  2.0000000e+000  2.7199657e+000 -8.5749741e-001
  2.0000000e+000  2.8430604e+000 -8.6940594e-001
  2.0000000e+000  2.8088386e+000 -7.9669446e-001
  2.0000000e+000  2.9364179e+000 -9.2340261e-001
  2.0000000e+000  3.3658750e+000 -1.1526582e+000
  2.0000000e+000  2.6911815e+000 -6.7676459e-001
  2.0000000e+000  2.5389084e+000 -4.9467736e-001
  2.0000000e+000  2.6981355e+000 -5.3821223e-001
  2.0000000e+000  3.0687781e+000 -6.6387202e-001
  2.0000000e+000  2.8913507e+000 -4.1557457e-001
